-272.000000
-270.044297
-268.097176
-266.158619
-264.228608
-262.307125
-260.394152
-258.489671
-256.593664
-254.706113
-252.827000
-250.956307
-249.094016
-247.240109
-245.394568
-243.557375
-241.728512
-239.907961
-238.095704
-236.291723
-234.496000
-232.708517
-230.929256
-229.158199
-227.395328
-225.640625
-223.894072
-222.155651
-220.425344
-218.703133
-216.989000
-215.282927
-213.584896
-211.894889
-210.212888
-208.538875
-206.872832
-205.214741
-203.564584
-201.922343
-200.288000
-198.661537
-197.042936
-195.432179
-193.829248
-192.234125
-190.646792
-189.067231
-187.495424
-185.931353
-184.375000
-182.826347
-181.285376
-179.752069
-178.226408
-176.708375
-175.197952
-173.695121
-172.199864
-170.712163
-169.232000
-167.759357
-166.294216
-164.836559
-163.386368
-161.943625
-160.508312
-159.080411
-157.659904
-156.246773
-154.841000
-153.442567
-152.051456
-150.667649
-149.291128
-147.921875
-146.559872
-145.205101
-143.857544
-142.517183
-141.184000
-139.857977
-138.539096
-137.227339
-135.922688
-134.625125
-133.334632
-132.051191
-130.774784
-129.505393
-128.243000
-126.987587
-125.739136
-124.497629
-123.263048
-122.035375
-120.814592
-119.600681
-118.393624
-117.193403
-116.000000
-114.813397
-113.633576
-112.460519
-111.294208
-110.134625
-108.981752
-107.835571
-106.696064
-105.563213
-104.437000
-103.317407
-102.204416
-101.098009
-99.998168
-98.904875
-97.818112
-96.737861
-95.664104
-94.596823
-93.536000
-92.481617
-91.433656
-90.392099
-89.356928
-88.328125
-87.305672
-86.289551
-85.279744
-84.276233
-83.279000
-82.288027
-81.303296
-80.324789
-79.352488
-78.386375
-77.426432
-76.472641
-75.524984
-74.583443
-73.648000
-72.718637
-71.795336
-70.878079
-69.966848
-69.061625
-68.162392
-67.269131
-66.381824
-65.500453
-64.625000
-63.755447
-62.891776
-62.033969
-61.182008
-60.335875
-59.495552
-58.661021
-57.832264
-57.009263
-56.192000
-55.380457
-54.574616
-53.774459
-52.979968
-52.191125
-51.407912
-50.630311
-49.858304
-49.091873
-48.331000
-47.575667
-46.825856
-46.081549
-45.342728
-44.609375
-43.881472
-43.159001
-42.441944
-41.730283
-41.024000
-40.323077
-39.627496
-38.937239
-38.252288
-37.572625
-36.898232
-36.229091
-35.565184
-34.906493
-34.253000
-33.604687
-32.961536
-32.323529
-31.690648
-31.062875
-30.440192
-29.822581
-29.210024
-28.602503
-28.000000
-27.402497
-26.809976
-26.222419
-25.639808
-25.062125
-24.489352
-23.921471
-23.358464
-22.800313
-22.247000
-21.698507
-21.154816
-20.615909
-20.081768
-19.552375
-19.027712
-18.507761
-17.992504
-17.481923
-16.976000
-16.474717
-15.978056
-15.485999
-14.998528
-14.515625
-14.037272
-13.563451
-13.094144
-12.629333
-12.169000
-11.713127
-11.261696
-10.814689
-10.372088
-9.933875
-9.500032
-9.070541
-8.645384
-8.224543
-7.808000
-7.395737
-6.987736
-6.583979
-6.184448
-5.789125
-5.397992
-5.011031
-4.628224
-4.249553
-3.875000
-3.504547
-3.138176
-2.775869
-2.417608
-2.063375
-1.713152
-1.366921
-1.024664
-0.686363
-0.352000
-0.021557
0.304984
0.627641
0.946432
1.261375
1.572488
1.879789
2.183296
2.483027
2.779000
3.071233
3.359744
3.644551
3.925672
4.203125
4.476928
4.747099
5.013656
5.276617
5.536000
5.791823
6.044104
6.292861
6.538112
6.779875
7.018168
7.253009
7.484416
7.712407
7.937000
8.158213
8.376064
8.590571
8.801752
9.009625
9.214208
9.415519
9.613576
9.808397
10.000000
10.188403
10.373624
10.555681
10.734592
10.910375
11.083048
11.252629
11.419136
11.582587
11.743000
11.900393
12.054784
12.206191
12.354632
12.500125
12.642688
12.782339
12.919096
13.052977
13.184000
13.312183
13.437544
13.560101
13.679872
13.796875
13.911128
14.022649
14.131456
14.237567
14.341000
14.441773
14.539904
14.635411
14.728312
14.818625
14.906368
14.991559
15.074216
15.154357
15.232000
15.307163
15.379864
15.450121
15.517952
15.583375
15.646408
15.707069
15.765376
15.821347
15.875000
15.926353
15.975424
16.022231
16.066792
16.109125
16.149248
16.187179
16.222936
16.256537
16.288000
16.317343
16.344584
16.369741
16.392832
16.413875
16.432888
16.449889
16.464896
16.477927
16.489000
16.498133
16.505344
16.510651
16.514072
16.515625
16.515328
16.513199
16.509256
16.503517
16.496000
16.486723
16.475704
16.462961
16.448512
16.432375
16.414568
16.395109
16.374016
16.351307
16.327000
16.301113
16.273664
16.244671
16.214152
16.182125
16.148608
16.113619
16.077176
16.039297
16.000000
15.959303
15.917224
15.873781
15.828992
15.782875
15.735448
15.686729
15.636736
15.585487
15.533000
15.479293
15.424384
15.368291
15.311032
15.252625
15.193088
15.132439
15.070696
15.007877
14.944000
14.879083
14.813144
14.746201
14.678272
14.609375
14.539528
14.468749
14.397056
14.324467
14.251000
14.176673
14.101504
14.025511
13.948712
13.871125
13.792768
13.713659
13.633816
13.553257
13.472000
13.390063
13.307464
13.224221
13.140352
13.055875
12.970808
12.885169
12.798976
12.712247
12.625000
12.537253
12.449024
12.360331
12.271192
12.181625
12.091648
12.001279
11.910536
11.819437
11.728000
11.636243
11.544184
11.451841
11.359232
11.266375
11.173288
11.079989
10.986496
10.892827
10.799000
10.705033
10.610944
10.516751
10.422472
10.328125
10.233728
10.139299
10.044856
9.950417
9.856000
9.761623
9.667304
9.573061
9.478912
9.384875
9.290968
9.197209
9.103616
9.010207
8.917000
8.824013
8.731264
8.638771
8.546552
8.454625
8.363008
8.271719
8.180776
8.090197
8.000000
7.910203
7.820824
7.731881
7.643392
7.555375
7.467848
7.380829
7.294336
7.208387
7.123000
7.038193
6.953984
6.870391
6.787432
6.705125
6.623488
6.542539
6.462296
6.382777
6.304000
6.225983
6.148744
6.072301
5.996672
5.921875
5.847928
5.774849
5.702656
5.631367
5.561000
5.491573
5.423104
5.355611
5.289112
5.223625
5.159168
5.095759
5.033416
4.972157
4.912000
4.852963
4.795064
4.738321
4.682752
4.628375
4.575208
4.523269
4.472576
4.423147
4.375000
4.328153
4.282624
4.238431
4.195592
4.154125
4.114048
4.075379
4.038136
4.002337
3.968000
3.935143
3.903784
3.873941
3.845632
3.818875
3.793688
3.770089
3.748096
3.727727
3.709000
3.691933
3.676544
3.662851
3.650872
3.640625
3.632128
3.625399
3.620456
3.617317
3.616000
3.616523
3.618904
3.623161
3.629312
3.637375
3.647368
3.659309
3.673216
3.689107
3.707000
3.726913
3.748864
3.772871
3.798952
3.827125
3.857408
3.889819
3.924376
3.961097
4.000000
4.041103
4.084424
4.129981
4.177792
4.227875
4.280248
4.334929
4.391936
4.451287
4.513000
4.577093
4.643584
4.712491
4.783832
4.857625
4.933888
5.012639
5.093896
5.177677
5.264000
5.352883
5.444344
5.538401
5.635072
5.734375
5.836328
5.940949
6.048256
6.158267
6.271000
6.386473
6.504704
6.625711
6.749512
6.876125
7.005568
7.137859
7.273016
7.411057
7.552000
7.695863
7.842664
7.992421
8.145152
8.300875
8.459608
8.621369
8.786176
8.954047
9.125000
9.299053
9.476224
9.656531
9.839992
10.026625
10.216448
10.409479
10.605736
10.805237
11.008000
11.214043
11.423384
11.636041
11.852032
12.071375
12.294088
12.520189
12.749696
12.982627
13.219000
13.458833
13.702144
13.948951
14.199272
14.453125
14.710528
14.971499
15.236056
15.504217
15.776000
16.051423
16.330504
16.613261
16.899712
17.189875
17.483768
17.781409
18.082816
18.388007
18.697000
19.009813
19.326464
19.646971
19.971352
20.299625
20.631808
20.967919
21.307976
21.651997
22.000000
22.352003
22.708024
23.068081
23.432192
23.800375
24.172648
24.549029
24.929536
25.314187
25.703000
26.095993
26.493184
26.894591
27.300232
27.710125
28.124288
28.542739
28.965496
29.392577
29.824000
30.259783
30.699944
31.144501
31.593472
32.046875
32.504728
32.967049
33.433856
33.905167
34.381000
34.861373
35.346304
35.835811
36.329912
36.828625
37.331968
37.839959
38.352616
38.869957
39.392000
39.918763
40.450264
40.986521
41.527552
42.073375
42.624008
43.179469
43.739776
44.304947
44.875000
45.449953
46.029824
46.614631
47.204392
47.799125
48.398848
49.003579
49.613336
50.228137
50.848000
51.472943
52.102984
52.738141
53.378432
54.023875
54.674488
55.330289
55.991296
56.657527
57.329000
58.005733
58.687744
59.375051
60.067672
60.765625
61.468928
62.177599
62.891656
63.611117
64.336000
65.066323
65.802104
66.543361
67.290112
68.042375
68.800168
69.563509
70.332416
71.106907
71.887000
72.672713
73.464064
74.261071
75.063752
75.872125
76.686208
77.506019
78.331576
79.162897
80.000000
80.842903
81.691624
82.546181
83.406592
84.272875
85.145048
86.023129
86.907136
87.797087
88.693000
89.594893
90.502784
91.416691
92.336632
93.262625
94.194688
95.132839
96.077096
97.027477
97.984000
98.946683
99.915544
100.890601
101.871872
102.859375
103.853128
104.853149
105.859456
106.872067
107.891000
108.916273
109.947904
110.985911
112.030312
113.081125
114.138368
115.202059
116.272216
117.348857
118.432000
119.521663
120.617864
121.720621
122.829952
123.945875
125.068408
126.197569
127.333376
128.475847
129.625000
130.780853
131.943424
133.112731
134.288792
135.471625
136.661248
137.857679
139.060936
140.271037
141.488000
142.711843
143.942584
145.180241
146.424832
147.676375
148.934888
150.200389
151.472896
152.752427
154.039000
155.332633
156.633344
157.941151
159.256072
160.578125
161.907328
163.243699
164.587256
165.938017
167.296000
168.661223
170.033704
171.413461
172.800512
174.194875
175.596568
177.005609
178.422016
179.845807
181.277000
182.715613
184.161664
185.615171
187.076152
188.544625
190.020608
191.504119
192.995176
194.493797
196.000000
197.513803
199.035224
200.564281
202.100992
203.645375
205.197448
206.757229
208.324736
209.899987
211.483000
213.073793
214.672384
216.278791
217.893032
219.515125
221.145088
222.782939
224.428696
226.082377
227.744000
229.413583
231.091144
232.776701
234.470272
236.171875
237.881528
239.599249
241.325056
243.058967
244.801000
246.551173
248.309504
250.076011
251.850712
253.633625
255.424768
257.224159
259.031816
260.847757
262.672000
264.504563
266.345464
268.194721
270.052352
271.918375
273.792808
275.675669
277.566976
279.466747
281.375000
283.291753
285.217024
287.150831
289.093192
291.044125
293.003648
294.971779
296.948536
298.933937
300.928000
302.930743
304.942184
306.962341
308.991232
311.028875
313.075288
315.130489
317.194496
319.267327
321.349000
323.439533
325.538944
327.647251
329.764472
331.890625
334.025728
336.169799
338.322856
340.484917
342.656000
344.836123
347.025304
349.223561
351.430912
353.647375
355.872968
358.107709
360.351616
362.604707
364.867000
367.138513
369.419264
371.709271
374.008552
376.317125
378.635008
380.962219
383.298776
385.644697
388.000000
